9191919191919191919191919191919191919191
9191919191919191919191919191919191919191
9191919191919191919191919191919191919191
9191919191919191919191919191919191919191
9191919191919191919191919191919191919191
9191919191919191919191919191919191919191
9191919191919191919191919191919191919191
9191919191919191919191919191919191919191
9191919191919191919191919191919191919191
9191919191919191919191919191919191919191
9191919191919191919191919191919191919191
9191919191919191919191919191919191919191

image image:meadow
position -6 -1 1 *
