family
01010101010101000000000000000000
02020202000000000000000000000000
03030303030306060600000000000000
03030303030306060600000000000000
03030303030306060600000000000000
04040404040707070700000000000000
04040404040707070700000000000000
04040404040707070700000000000000
05050505050707070700000000000000
05050505050000000000000000000000
05050505050000000000000000000000
00000000000000000000000000000000
00000000000000000000000000000000
00000000000000000000000000000000
00000000000000000000000000000000
00000000000000000000000000000000

weight
001e1e1e1e1e1e000000000000000000
00000000000000000000000000000000
00000000000000000000000000000000
00000000000000000000000000000000
00000000000000000000000000000000
00000000000000000000000000000000
00000000000000000000000000000000
00000000000000000000000000000000
00000000000000000000000000000000
00000000000000000000000000000000
00000000000000000000000000000000
00000000000000000000000000000000
00000000000000000000000000000000
00000000000000000000000000000000
00000000000000000000000000000000
00000000000000000000000000000000

physics
00000000000000000000000000000000
01010101000000000000000000000000
05050505050501010100000000000000
05050505050501010100000000000000
05050505050501010100000000000000
06060606060606060600000000000000
06060606060606060600000000000000
06060606060606060600000000000000
02020202020606060600000000000000
02020202020000000000000000000000
02020202020000000000000000000000
00000000000000000000000000000000
00000000000000000000000000000000
00000000000000000000000000000000
00000000000000000000000000000000
00000000000000000000000000000000

neighbors
00000000000000000000000000000000
00000000000000000000000000000000
0b1f16fefbff0b1f1600000000000000
6bffd6df7fff6bffd600000000000000
68f8d000000068f8d000000000000000
0b1f16fefb0008181000000000000000
6bffd6df7f020a1a1200000000000000
68f8d00000424a5a5200000000000000
0b1f16fefb4048585000000000000000
6bffd6df7f0000000000000000000000
68f8d000000000000000000000000000
00000000000000000000000000000000
00000000000000000000000000000000
00000000000000000000000000000000
00000000000000000000000000000000
00000000000000000000000000000000

jigctab
bebebebebebebe000000000000000000
24242424e00000000000000000000000
30303030303060606000000000000000
30303030303060606000000000000000
30303030303060606000000000000000
fefefefefed6d6d6d600000000000000
fefefefefed6d6d6d600000000000000
fefefefefed6d6d6d600000000000000
0303030303d6d6d6d600000000000000
03030303030000000000000000000000
03030303030000000000000000000000
00000000000000000000000000000000
00000000000000000000000000000000
00000000000000000000000000000000
00000000000000000000000000000000
00000000000000000000000000000000



