family
01010101010101000000000000000000
02020202000000000000000000000000
03030303030304040400000000000000
03030303030304040400000000000000
03030303030304040400000000000000
05050505050606060600000000000000
05050505050606060600000000000000
05050505050606060600000000000000
07070707070606060600000000000000
07070707070000000000000000000000
07070707070000000000000000000000
00000000000000000000000000000000
00000000000000000000000000000000
00000000000000000000000000000000
00000000000000000000000000000000
00000000000000000000000000000000

physics
00000000000000000000000000000000
01010101040000000000000000000000
03030303030301010100000000000000
03030303030301010100000000000000
03030303030301010100000000000000
04040404040404040400000000000000
04040404040404040400000000000000
04040404040404040400000000000000
02020202020404040400000000000000
02020202020000000000000000000000
02020202020000000000000000000000
00000000000000000000000000000000
00000000000000000000000000000000
00000000000000000000000000000000
00000000000000000000000000000000
00000000000000000000000000000000

neighbors
00000000000000000000000000000000
00000000000000000000000000000000
0b1f16fefbff0b1f1600000000000000
6bffd6df7fff6bffd600000000000000
68f8d000000068f8d000000000000000
0b1f16fefb0008181000000000000000
6bffd6df7f020a1a1200000000000000
68f8d00000424a5a5200000000000000
0b1f16fefb4048585000000000000000
6bffd6df7f0000000000000000000000
68f8d000000000000000000000000000
00000000000000000000000000000000
00000000000000000000000000000000
00000000000000000000000000000000
00000000000000000000000000000000
00000000000000000000000000000000

jigctab
74747474747474000000000000000000
6d6d6d6da00000000000000000000000
08080808080829292900000000000000
08080808080829292900000000000000
08080808080884848400000000000000
d6d6d6d6d6d6d6d6d600000000000000
d6d6d6d6d6d6d6d6d600000000000000
d6d6d6d6d6d6d6d6d600000000000000
0303030303d6d6d6d600000000000000
03030303030000000000000000000000
03030303030000000000000000000000
00000000000000000000000000000000
00000000000000000000000000000000
00000000000000000000000000000000
00000000000000000000000000000000
00000000000000000000000000000000







