family
01010101010101010000000000000000
02020202020202030303000000000000
02020202020000030303000000000000
02020202020000030303000000000000
02020202020202020202020000000000
02000000000000000000020000000000
02000000000000000000020000000000
00000000000000000000000000000000
00000000000000000000000000000000
00000000000000000000000000000000
00000000000000000000000000000000
00000000000000000000000000000000
00000000000000000000000000000000
00000000000000000000000000000000
00000000000000000000000000000000
00000000000000000000000000000000

physics
00000000000000000404000001010000
01010101010101000000000000000000
01010101010101000000000000000000
01010101010100000000000000000000
01010101010101010101010000000000
01010101010101010101010000000000
01010101010101010101010000000000
00000000000000000000000000000000
00000000000000000000000000000000
00000000000000000000000000000000
00000000000000000000000000000000
00000000000000000000000000000000
00000000000000000000000000000000
00000000000000000000000000000000
00000000000000000000000000000000
00000000000000000000000000000000

neighbors
00000000000000000000000000000000
0b1f16fefbf8f80b1f16000000000000
6bffd6df7f00006bffd6000000000000
68f8d00000000068f8d0000000000000
00000000000000000000000000000000
00000000000000000000000000000000
00000000000000000000000000000000
00000000000000000000000000000000
00000000000000000000000000000000
00000000000000000000000000000000
00000000000000000000000000000000
00000000000000000000000000000000
00000000000000000000000000000000
00000000000000000000000000000000
00000000000000000000000000000000
00000000000000000000000000000000

weight
00000000000000000000000000000000
0000000000ffff000000000000000000
00000000000000000000000000000000
00000000000000000000000000000000
ffffffffffffffffffffff0000000000
ff000000000000000000ff0000000000
ff000000000000000000ff0000000000
00000000000000000000000000000000
00000000000000000000000000000000
00000000000000000000000000000000
00000000000000000000000000000000
00000000000000000000000000000000
00000000000000000000000000000000
00000000000000000000000000000000
00000000000000000000000000000000
00000000000000000000000000000000

