family
01010101010101000000000000000000
02020202000000000000000000000000
03030303030304040404000000000000
03030303030304040404000000000000
03030303030304040404000000000000
05050505050000000000000000000000
05050505050000000000000000000000
05050505050000000000000000000000
06060606060000000000000000000000
06060606060000000000000000000000
06060606060000000000000000000000
00000000000000000000000000000000
00000000000000000000000000000000
00000000000000000000000000000000
00000000000000000000000000000000
00000000000000000000000000000000

physics
00000000000000000000000000000000
01010101040003030000000000000000
03030303030301010104000000000000
03030303030301010101000000000000
03030303030301010101000000000000
04040404040000000000000000000000
04040404040000000000000000000000
04040404040000000000000000000000
02020202020000000000000000000000
02020202020000000000000000000000
02020202020000000000000000000000
00000000000000000000000000000000
00000000000000000000000000000000
00000000000000000000000000000000
00000000000000000000000000000000
00000000000000000000000000000000

neighbors
00000000000000000000000000000000
00000000000000000000000000000000
0b1f16fefbff0b1f16f8000000000000
6bffd6df7fff6bffd6f8000000000000
68f8d000000068f8d0f8000000000000
0b1f16fefb0000000000000000000000
6bffd6df7f0000000000000000000000
68f8d000000000000000000000000000
0b1f16fefb0000000000000000000000
6bffd6df7f0000000000000000000000
68f8d000000000000000000000000000
00000000000000000000000000000000
00000000000000000000000000000000
00000000000000000000000000000000
00000000000000000000000000000000
00000000000000000000000000000000

weight
00000000000000000000000000000000
00000000000000000000000000000000
000000000000000000ff000000000000
000000000000000000ff000000000000
000000000000000000ff000000000000
00000000000000000000000000000000
00000000000000000000000000000000
00000000000000000000000000000000
00000000000000000000000000000000
00000000000000000000000000000000
00000000000000000000000000000000
00000000000000000000000000000000
00000000000000000000000000000000
00000000000000000000000000000000
00000000000000000000000000000000
00000000000000000000000000000000

jigctab
55555555555555000000000000000000
49494949a00000000000000000000000
0808080808086868688c000000000000
0808080808086868688c000000000000
0808080808088c8c8c8c000000000000
fafafafafa0000000000000000000000
fafafafafa0000000000000000000000
fafafafafa0000000000000000000000
03030303030000000000000000000000
03030303030000000000000000000000
03030303030000000000000000000000
00000000000000000000000000000000
00000000000000000000000000000000
00000000000000000000000000000000
00000000000000000000000000000000
00000000000000000000000000000000

