family
00000000000000000000000000000000
01010101010202020303030300000000
01010101010202020303030300000000
01010101010202020303030300000000
01010101010101010303030300000000
00030300000000000000000000000000
00030000000000000000000000000000
03000000000000000000000000000000
00000000000000000000000000000000
00000000000000000000000000000000
00000000000000000000000000000000
00000000000000000000000000000000
00000000000000000000000000000000
00000000000000000000000000000000
00000000000000000000000000000000
00000000000000000000000000000000

physics
00000001000000000000000000000000
01010101010000000101010100000000
01010101010000000101010100000000
01010101010000000101010100000000
01010101010101010101010100000000
00010100000000000000000000000000
00010000000000000000000000000000
01000000000000000000000000000000
00000000000000000000000000000000
00000000000000000000000000000000
00000000000000000000000000000000
00000000000000000000000000000000
00000000000000000000000000000000
00000000000000000000000000000000
00000000000000000000000000000000
00000000000000000000000000000000

neighbors
00000000000000000000000000000000
0b1f16fefb0b1f160008181000000000
6bffd6df7f6bffd6020a1a1200000000
68f8d0000068f8d0424a5a5200000000
00000000000000004048585000000000
00524800000000000000000000000000
00500000000000000000000000000000
18000000000000000000000000000000
00000000000000000000000000000000
00000000000000000000000000000000
00000000000000000000000000000000
00000000000000000000000000000000
00000000000000000000000000000000
00000000000000000000000000000000
00000000000000000000000000000000
00000000000000000000000000000000

weight
00000000000000000000000000000000
00000000000000000000000000000000
00000000000000000000000000000000
00000000000000000000000000000000
ffffffffffffffff0000000000000000
00ffff00000000000000000000000000
00ff0000000000000000000000000000
ff000000000000000000000000000000
00000000000000000000000000000000
00000000000000000000000000000000
00000000000000000000000000000000
00000000000000000000000000000000
00000000000000000000000000000000
00000000000000000000000000000000
00000000000000000000000000000000
00000000000000000000000000000000

