family
01010101010101000000000000000000
02020202000000000000000000000000
03030303030300000000000000000000
03030303030300000000000000000000
03030303030300000000000000000000
04040404040000000000000000000000
04040404040000000000000000000000
04040404040000000000000000000000
05050505050000000000000000000000
05050505050000000000000000000000
05050505050000000000000000000000
00000000000000000000000000000000
00000000000000000000000000000000
00000000000000000000000000000000
00000000000000000000000000000000
00000000000000000000000000000000

weight
00646464646464000000000000000000
00000000000000000000000000000000
00000000000000000000000000000000
00000000000000000000000000000000
00000000000000000000000000000000
00000000000000000000000000000000
00000000000000000000000000000000
00000000000000000000000000000000
00000000000000000000000000000000
00000000000000000000000000000000
00000000000000000000000000000000
00000000000000000000000000000000
00000000000000000000000000000000
00000000000000000000000000000000
00000000000000000000000000000000
00000000000000000000000000000000

physics
00000000000000040400000000000000
01010101040004000000000000000000
03030303030300000000000000000000
03030303030300000000000000000000
03030303030300000000000000000000
04040404040000000000000000000000
04040404040000000000000000000000
04040404040000000000000000000000
02020202020000000000000000000000
02020202020000000000000000000000
02020202020000000000000000000000
00010101000000000000000000000000
01010101010000000000000000000000
01010001010000000000000000000000
00000000000000000000000000000000
00000000000000000000000000000000

neighbors
00000000000000000000000000000000
00000000000000000000000000000000
0b1f16fefbff00000000000000000000
6bffd6df7fff00000000000000000000
68f8d000000000000000000000000000
0b1f16fefb0000000000000000000000
6bffd6df7f0000000000000000000000
68f8d000000000000000000000000000
0b1f16fefb0000000000000000000000
6bffd6df7f0000000000000000000000
68f8d000000000000000000000000000
00000000000000000000000000000000
00000000000000000000000000000000
00000000000000000000000000000000
00000000000000000000000000000000
00000000000000000000000000000000

jigctab
bebebebebebebe000000000000000000
92929292a0fca0000000000000000000
08080808080800000000000000000000
08080808080800000000000000000000
08080808080800000000000000000000
fefefefefebebe000000000000000000
fefefefefebebe000000000000000000
fefefefefebebe000000000000000000
0303030303bebe000000000000000000
0303030303bebe000000000000000000
0303030303bebe000000000000000000
be313131bebebe000000000000000000
31313131310000000000000000000000
3131a031310000000000000000000000
00000000000000000000000000000000
00000000000000000000000000000000

