family
01010101010101010100000000000000
02020202020200000000000000000000
02020202020200000000000000000000
02020202020200000000000000000000
03030303030000000000000000000000
03030303030000000000000000000000
03030303030000000000000000000000
04040404040000000000000000000000
04040404040000000000000000000000
04040404040000000000000000000000
05050500000000000000000000000000
00000000000000000000000000000000
00000000000000000000000000000000
00000000000000000000000000000000
00000000000000000000000000000000
00000000000000000000000000000000

physics
00000000000000000000000000000000
03030303030300000000000000000000
03030303030300000000000000000000
03030303030300000000000000000000
02020202020000000000000000000000
02020202020000000000000000000000
02020202020000000000000000000000
01010101010000000000000000000000
01010101010000000000000000000000
01010101010000000000000000000000
01010100000000000000000000000000
00000000000000000000000000000000
00000000000000000000000000000000
00000000000000000000000000000000
00000000000000000000000000000000
00000000000000000000000000000000

neighbors
00000000000000000000000000000000
0b1f16fefbff00000000000000000000
6bffd6df7fff00000000000000000000
68f8d000000000000000000000000000
0b1f16fefb0000000000000000000000
6bffd6df7f0000000000000000000000
68f8d000000000000000000000000000
0b1f16fefb0000000000000000000000
6bffd6df7f0000000000000000000000
68f8d000000000000000000000000000
08181000000000000000000000000000
00000000000000000000000000000000
00000000000000000000000000000000
00000000000000000000000000000000
00000000000000000000000000000000
00000000000000000000000000000000

jigctab
69696969696969696900000000000000
0c0c0c0c0c0c00000000000000000000
0c0c0c0c0c0c00000000000000000000
0c0c0c0c0c0c00000000000000000000
03030303030000000000000000000000
03030303030000000000000000000000
03030303030000000000000000000000
adadadadad0000000000000000000000
adadadadad0000000000000000000000
adadad00000000000000000000000000
adadad00000000000000000000000000
00000000000000000000000000000000
00000000000000000000000000000000
00000000000000000000000000000000
00000000000000000000000000000000
00000000000000000000000000000000




