family
01010101010101010203000000000000
02020202020202020202020200000000
02020202020000000000000000000000
02020202020000000000000000000000
03030303030000000000000000000000
03030303030000000000000000000000
03030303030202020000000000000000
00000000000000000202020202020202
00000000000000000202000000000002
00000000000000000202000000000002
00000000000000000202000000000002
00000000000000000000000000000000
00000000000000000000000000000000
00000000000000000000000000000000
00000000000000000000000000000000
00000000000000000000000000000000

physics
00000000000000000404000000000000
01010101010101010101010100000000
01010101010000000101010100000000
01010101010100000000000000000000
01010101010000000000000000000000
01010101010000000000000000000000
01010101010101010000000000000000
00000001010101010101010101010101
00000001010001010101010101010101
00000000000001010101010000000101
00000000000001010101010000000101
00000000000000000000000000000000
00000000000000000000000000000000
00000000000000000000000000000000
00000000000000000000000000000000
00000000000000000000000000000000

neighbors
00000000000000001f1f000000000000
0b1f16fefbf8f8f8f8f8f8f800000000
6bffd6df7f0000000000000000000000
68f8d000000000000000000000000000
0b1f16fefb0000000000000000000000
6bffd6df7f0000000000000000000000
68f8d000000000000000000000000000
00000000000000000000000000000000
00000000000000000000000000000000
00000000000000000000000000000000
00000000000000000000000000000000
00000000000000000000000000000000
00000000000000000000000000000000
00000000000000000000000000000000
00000000000000000000000000000000
00000000000000000000000000000000

weight
0000000000000000ffff000000000000
0000000000ffffffffffffff00000000
00000000000000000000000000000000
00000000000000000000000000000000
00000000000000000000000000000000
00000000000000000000000000000000
0000000000ffffff0000000000000000
0000000000000000ffffffffffffffff
0000000000000000ffff0000000000ff
0000000000000000ffff0000000000ff
0000000000000000ffff0000000000ff
00000000000000000000000000000000
00000000000000000000000000000000
00000000000000000000000000000000
00000000000000000000000000000000
00000000000000000000000000000000

