family
01010101010101000000000000000000
02020202000000000606060000000000
03030303030300000606060000000000
03030303030303030606060000000000
03030303030300000000000000000000
04040404040000000000000000000000
04040404040000000000000000000000
04040404040000000000000000000000
05050505050000000000000000000000
05050505050000000000000000000000
05050505050000000000000000000000
00000000000000000000000000000000
00000000000000000000000000000000
00000000000000000000000000000000
00000000000000000000000000000000
00000000000000000000000000000000

weight
00646464646464000000000000000000
00000000000000000000000000000000
00000000000000000000000000000000
000000000000ffff0000000000000000
00000000000000000000000000000000
00000000000000000000000000000000
00000000000000000000000000000000
00000000000000000000000000000000
00000000000000000000000000000000
00000000000000000000000000000000
00000000000000000000000000000000
00000000000000000000000000000000
00000000000000000000000000000000
00000000000000000000000000000000
00000000000000000000000000000000
00000000000000000000000000000000

physics
00000000000000040403030000000000
01010101040004000404040000000000
03030303030303030404040000000000
03030303030303030404040000000000
03030303030300000000000000000000
04040404040000000000000000000000
04040404040000000000000000000000
04040404040000000000000000000000
02020202020000000000000000000000
02020202020000000000000000000000
02020202020000000000000000000000
00010000000000000000000000000000
00000000000000000000000000000000
00000000000000000000000000000000
00000000000000000000000000000000
00000000000000000000000000000000

neighbors
00000000000000000000000000000000
00000000000000000b1f160000000000
0b1f16fefbff00006bffd60000000000
6bffd6df7ffff8f868f8d00000000000
68f8d000000000000000000000000000
0b1f16fefb0000000000000000000000
6bffd6df7f0000000000000000000000
68f8d000000000000000000000000000
0b1f16fefb0000000000000000000000
6bffd6df7f0000000000000000000000
68f8d000000000000000000000000000
00000000000000000000000000000000
00000000000000000000000000000000
00000000000000000000000000000000
00000000000000000000000000000000
00000000000000000000000000000000

jigctab
bebebebebebebe000000000000000000
92929292a0fca0000000000000000000
08080808080800000000000000000000
08080808080800000000000000000000
08080808080800000000000000000000
fefefefefebebe000000000000000000
fefefefefebebe000000000000000000
fefefefefebebe000000000000000000
0303030303bebe000000000000000000
0303030303bebe000000000000000000
0303030303bebe000000000000000000
0000000000bebe000000000000000000
00000000000000000000000000000000
00000000000000000000000000000000
00000000000000000000000000000000
00000000000000000000000000000000

