family
01010101010101010100000000000000
02020202020000000303030303030000
02020202020000000303030303030000
02020202020000000303030303030000
02020200000000000000000000000000
00000000000000000000000000000000
00000000000000000000000000000000
00000000000000000000000000000000
00000000000000000000000000000000
00000000000000000000000000000000
00000000000000000000000000000000
00000000000000000000000000000000
00000000000000000000000000000000
00000000000000000000000000000000
00000000000000000000000000000000
00000000000000000000000000000000

weight
003c3c3c3c3c3c3cff00000000000000
000000000000000000000000001e0000
000000000000000000000000001e0000
000000000000000000000000001e0000
ffffff00000000000000000000000000
00000000000000000000000000000000
00000000000000000000000000000000
00000000000000000000000000000000
00000000000000000000000000000000
00000000000000000000000000000000
00000000000000000000000000000000
00000000000000000000000000000000
00000000000000000000000000000000
00000000000000000000000000000000
00000000000000000000000000000000
00000000000000000000000000000000

physics
00000000000000000400000000000000
01010101010001000707070707070000
01010101010101010707070707070000
01010101010101010707070707070000
01010100000001000000000000000000
03030300000000000000000000000000
00000000000000000000000000000000
00000000000000000000000000000000
00000000000000000000000000000000
00000000000000000000000000000000
00000000000000000000000000000000
00000000000000000000000000000000
00000000000000000000000000000000
00000000000000000000000000000000
00000000000000000000000000000000
00000000000000000000000000000000

neighbors
00000000000000000000000000000000
0b1f16fefb0000000b1f16fefbff0000
6bffd6df7f0000006bffd6df7fff0000
68f8d0000000000068f8d00000ff0000
00000000000000000000000000000000
00000000000000000000000000000000
00000000000000000000000000000000
00000000000000000000000000000000
00000000000000000000000000000000
00000000000000000000000000000000
00000000000000000000000000000000
00000000000000000000000000000000
00000000000000000000000000000000
00000000000000000000000000000000
00000000000000000000000000000000
00000000000000000000000000000000

jigctab
bbbbbbbbbbbbbbbbe000000000000000
2121212121000a00ffffffffffff0000
21212121210a0a0affffffffffff0000
21212121210a0a0affffffffffff0000
c0d4c00000000a000000000000000000
68686800000000000000000000000000
00000000000000000000000000000000
00000000000000000000000000000000
00000000000000000000000000000000
00000000000000000000000000000000
00000000000000000000000000000000
00000000000000000000000000000000
00000000000000000000000000000000
00000000000000000000000000000000
00000000000000000000000000000000
00000000000000000000000000000000






