family
01010101010101000000000000000000
02020202000000000000000000000000
03030303030300000000000000000000
03030303030300000000000000000000
03030303030300000000000000000000
04040404040000000000000000000000
04040404040000000000000000000000
04040404040000000000000000000000
05050505050000000000000000000000
05050505050000000000000000000000
05050505050000000000000000000000
00000000000000000000000000000000
00000000000000000000000000000000
00000000000000000000000000000000
00000000000000000000000000000000
00000000000000000000000000000000

physics
00000000000000000000000000000000
01010101040000000000000000000000
03030303030300000000000000000000
03030303030300000000000000000000
03030303030300000000000000000000
04040404040000000000000000000000
04040404040000000000000000000000
04040404040000000000000000000000
02020202020000000000000000000000
02020202020000000000000000000000
02020202020000000000000000000000
00000000000000000000000000000000
00000000000000000000000000000000
00000000000000000000000000000000
00000000000000000000000000000000
00000000000000000000000000000000

neighbors
00000000000000000000000000000000
00000000000000000000000000000000
0b1f16fefbff00000000000000000000
6bffd6df7fff00000000000000000000
68f8d000000000000000000000000000
0b1f16fefb0000000000000000000000
6bffd6df7f0000000000000000000000
68f8d000000000000000000000000000
0b1f16fefb0000000000000000000000
6bffd6df7f0000000000000000000000
68f8d000000000000000000000000000
00000000000000000000000000000000
00000000000000000000000000000000
00000000000000000000000000000000
00000000000000000000000000000000
00000000000000000000000000000000

jigctab
dbdbdbdbdbdbdb000000000000000000
6d6d6d6d000000000000000000000000
08080808080800000000000000000000
08080808080800000000000000000000
08080808080800000000000000000000
b6b6b6b6b60000000000000000000000
b6b6b6b6b60000000000000000000000
b6b6b6b6b60000000000000000000000
03030303030000000000000000000000
03030303030000000000000000000000
03030303030000000000000000000000
00000000000000000000000000000000
00000000000000000000000000000000
00000000000000000000000000000000
00000000000000000000000000000000
00000000000000000000000000000000







