2121212113313131313131313131313131313131
2121211332070305050307000706010406020503
2113313207000506010507020603000407000007
1332000003040403010100030201060406030600
2202010402030602010301030205000506020300
2205040400060000050305060703060101031011
2206060500060507040407040605050005102421
2202030000030606030004010101061011242121
2206010200040202060406020202102421212121
2205040604050103030502011011242121212121
2204070102040405040410112421212121212121
2202010304030706031024212121212121212121

image image:caves
position 0 0 2 0
sprite @10,4 sprite:jigpiece (u32)0
