0003010406040503000400020401010400030503
0400040202020605010002030601030503050503
0303010203000303040300020401010302030201
0600050402040502030101050205050604020500
0505010100010002040006040101010606010406
0603010201060202010000010303050401030603
0206000601060305050605060600030303050504
0400030604010602010202040401020205000603
0506030104040002000604000303010503000604
0403030304030001050606050205030102020606
0401030000040304000203010403060302010602
0005060105010103050606050001000303060301

image image:meadow
position 1 -5 1 *
