0506020600000200050002040300000201050605
0404020101060502020000040005050406000200
0204000006000203010305020201030300020603
0100040301020005020403040103060003040204
0500020106060002010200050501050305040002
0304000301010603010101060602040001050104
0305040300040405050302030101040602020400
0105050403000201060202020400020305040002
0501060601020206020603050104020302050205
0002000304020606030100000600040504060002
0000040300000300030504030605020300000300
0402010301040602030301010200050105040606

image image:meadow
position -1 -5 1 *
