0003060302000001050105040104020500000206
0600050100030105050500060502060300060405
0104010306050300030300030106060301000302
0202010601060002060406040605060302020204
0003000302030502010605030303020605030100
0303040005000301000301010206030301000106
0206000300020201010206050403030202030102
0200040306030504010500030401000006030606
0105000205030604030205050104000103010602
0605010406010304010103040606060006050003
0304000404010304040305000303020204030200
0305060002060603060401030003050500020200

image image:tundra
position -2 -5 1 *
