0000000000000000000000000000000000000000
0000000000000000000000000000000000000000
0000000000000000000000000000000000000000
0000000000000000000000003d00000000000000
0000000000000000000000000000000000000000
0000000000000000003d00000000000000000000
0000000000000000000000000000000000000000
0000000000000000000000003d00000000000000
0000000000000000000000000000000000000000
0000000000000000000000000000000000000000
0000000000000000000000000000000000000000
0000000000000000000000000000000000000000

image image:meadow
position 1 -3 1 *
