0106040106000101010005050601040600020600
0302020602060105060606060200040403060506
0000040203020502060400050406000106060204
0504030306050503030605020002020600030106
0600030606000210050404060300030106020005
0002030404040404000205010505060500050401
0504050003020601030204051103060600040303
0606020405040005030202030002040601010405
0506060404060106040406030000060505040000
0006000502000505020103050204010303000505
0100030204010104050003030203040606050302
0601050305060200050406010201040200060504

image image:meadow
position 0 2 1 *
