2121212121212121212121212121212121212121
2121212121212121212121212121212121212121
2113313131313131313131313114212121212121
2122000000000000000000000020212121212121
3132000000000000000000000020212121212121
0000000000000000000000000020212121212121
0000000000000000000000000020212121212121
1112000000000000000000000020212121212121
2122000000000000000000000020212121212121
2123111111111111111111111124212121212121
2121212121212121212121212121212121212121
2121212121212121212121212121212121212121

image image:temple_int
position 3 3 5 *
parent map:43
