2121212121212121212121212121212121212121
2121212121212121212121212121212121212121
2121212121212121212121212121212121212121
2121212121212121212121212121212121212121
2121212121212121212121212121211331313131
2121212121212121212121212121212200000000
2121212121212121212121212121212200000000
3131313131313131313131313131313200001011
0203020101030303010201030100000000002021
0103010302030202020201030300000000002021
1111111111111111111111111111111111112421
2121212121212121212121212121212121212121

image image:temple_int
position 2 0 5 *
parent map:43
