2121212121212121212121212200002021212121
2113313131313131313131313200003031311421
2122000000000000000000000000000000003031
2122000000000000000000000000000000000000
2122000000000000000000000000000000000000
3132000000000000000000000000000000001011
0000000000000000000000000000000000002021
0000000000000000000000000000000000002021
1112000000000000000000000000000000002021
2122000000000000000000000000000000002021
2123111112000010111111111111111111112421
2121212122000020212121212121212121212121

image image:temple_int
position 2 1 5 *
parent map:43
