0406050102020604060204010605000400060600
0004050106000501040400000404010603060503
0501000406000002030501020003030404040401
0501000003030302040105061105050305000402
0103020002010503040501000302010300050405
0305060600030406050102060602060501000200
0001040006040001030605050212060601060505
0605050102060312030203010206010503000500
0206000106060000030201010600010405060502
0305020105000604020306050302030203040303
0102060304030202050005050105060105010003
0203040003000306010106040105040202030306

image image:meadow
position 1 2 1 *
