2121212121212121212200202121212121212121
2121212121212121212200202121212121212121
2121212121212121212200202121212121212121
2121212121212121212200202121212121212121
2121212121212121212200303131313131313131
2121212121212121212200000000000000000000
2121212121212121212200000000000000000000
2121212121212121212311111111111111111111
2121212121212121212121212121212121212121
2121212121212121212121212121212121212121
2121212121212121212121212121212121212121
2121212121212121212121212121212121212121

image image:temple_int
position 0 2 5 *
parent map:43
