2121212121212121212121212121212121212121
2121212121212121212121212121212121212121
2121212121212121212121212121212121212121
2121212121212121212121212121212121212121
2121212121212121212121212121212121212121
2121212121212121212121212121212121212121
2121212121212121212121212121212121212121
3131313131313131313131313131313131313131
0203030201020303020203030301020203010302
0302010202010303030301030303010303020202
1111111111111111111111111111111111111111
2121212121212121212121212121212121212121

image image:temple_int
position 1 0 5 *
parent map:43
