0000000000000000000000000000000000000000
0000000000000000000000000000000000000000
0000000000000000000000000000000000000000
000000000000003e000000000000000000000000
000000000000003e000000000000000000000000
000000000000003e000000000000000000000000
000000000000003d3e3d00000000000000000000
0000000000000000000000000000000000000000
0000000000000000000000000000000000000000
0000000000000000000000000000000000000000
0000000000000000000000000000000000000000
0000000000000000000000000000000000000000

image image:meadow
position -2 -3 1 *
