2525234124313525313535312531313531312525
3125320030352535252525353125313135252535
2525320430252535253125353125313525353535
4141420640414141414141414141414141414141
0600030300030305000504000505000205000502
0202050203010002020103060503030202000101
0400010406010206050005030304020206030302
0506030206010304000004000006010103040103
2121212121220603010406000006202121212121
3535352525320006050100000102303131353531
3535313135320403020503030300303131253131
2525313531320002000000020300302531353535

image image:meadow
position 6 5 1 *
