0305040404060006040605010106060106000003
0505000600050303050001060401030505060502
0102020000020401000604040500000001040406
0002020300040000040605030400010402040306
0101060402000044050002060002010004030106
0504010101060443040303000006000200030000
0400020000000545030002000200060501060604
0000010402010504434343434504010504060500
0505000202040400020306010201000200030103
0106040404010205000600030103050505000602
0500000000030301000605020202010601050405
0000010106050505040306010301010103050004

image image:meadow
position 3 2 1 *
