0004050004040506020004040005010000060100
0305000006020206030201060404050300010105
0204010300000301000200000504000400040601
0600010502000205000600020606040306040506
0400040604000005030101020004004403050300
0204030002020101030001010602014301030003
0001020105444401040001020300440202020300
0504000502014344454544440444450400020106
0506000000010206030400030500020303010200
0604050104040002060001000602000302060200
0005060606060106040602020600040003060400
0305050600020001000004010002020300000400

image image:meadow
position 4 3 1 *
