0000000000000000000000000000000000000000
0000000000000000000000000000000000000000
0000000000000000000000000000000000000000
0000000000000000030606020602000000000000
0000000000010600454544064343040000000000
0000000003014345020501010606040000000000
0000000101430205020000000000000000000000
0000000644430100000000000000000000000000
0000000606010000000000000000000000000000
0000000000000000000000000000000000000000
0000000000000000000000000000000000000000
0000000000000000000000000000000000000000

image image:meadow
position 4 2 1 *
