1331313131313131313131313131313131313114
2201030406050706070602070402070206050620
2207000000000000000000000000000000000520
2200000000000000000003030200000000000320
3207000000000000000733330100000000000130
0004000000000000020633050000000000000405
0000000000000000053334030000000000000000
0406000000000000040704020000000000000000
1202000000000000000000000000000000000307
2207000000000000000000000000000000000010
2201050202070300000006010506020501070720
2311111111120600000004101111111111111124

image image:caves
position 5 0 2 *
