1331313132060730313131313131313131313114
2205070003060605060603010503070501070720
2206000000000003060602040000000000000120
2203000000000004340433020000000000000320
2202000000000003333334000000000000000730
2203000000000000030533050000000000000302
2203000000000000000105050000000000000700
2201000000000000000000000000000000000510
2204000000000000000000000000000000000720
2200000000000000000000000000000000000520
2203060700030404010003010306020206060020
2311111111111112030002101111111111111124

image image:caves
position 0 4 2 *
