2113313131313132060005303131313131313114
2122020505060707030004050002040300030520
1332070000000000000000000000000000000720
2201020000000000010106000000000000000420
2202000000000000023434070000000000000530
2201000000000001013306010000000000000702
2207000000000004343303000000000000000405
2201000000000004000600000000000000000510
2207000000000000000000000000000000000020
2203003333333333333333333333333300000020
2207020404020705010204040406030202070020
2311111111111111111112070610111111111124

image image:caves
position 0 5 2 *
