1331313131313131313207000002303131313114
2200000706030003030406000004050104070420
2206000000000000010104000000000000000420
2201000000000000063305030000000000000730
2203000000000001340634040000000000000600
2202000000000002003306060000000000000000
2201000000000004340133000000000000000503
2207000000000002073402040000000000000610
2201000000000000040604000000000000000020
2204000000000000000000000000000000000620
2205000200000105000000070303020303030220
2311111111111201000000011011111111111124

image image:caves
position 0 8 2 *
