1331313131313206000000033031313131313114
2201010306020405070500000105020705040120
2203000000000301340000000000000000000020
2205000000000133023303000000000000000020
2205000000000102343400000000000000000530
2207000000000003063404000000000000000706
2200000000000000023406000000000000000000
2207000000000000000205000000000000000302
2204000000000000000000000000000000000710
2201000000000000000000000000000000000420
2207070203030606010007060605070506010320
2311111111111111111111111111111111111124

image image:caves
position 0 9 2 *
