1331313131313201000000000030313131313114
2206060207030000000000000707030306020520
2207000000000000000000000000000000000720
2205000000000000000000000000000000000630
3201000000000000000000000000000000000700
0305000000000000000000000000000000000000
0000000000000000000000000000000000000000
0000000000000000000000000000000000000503
0603000000000000000000000000000000000610
1202000000000000000000000000000000000520
2200050406030704030007000302050506030620
2311111111111112030004101111111111111124

image image:caves
position 7 1 2 *
