1331313131313131313203053031313131313114
2205050000060602000407020302040607070720
2203000000000000000000000000000000000220
3200000000000000000000000000000000000620
0105000000000000000000000000000000000430
0000000000000000000000000000000000000504
0000000000000000000000000000000000000000
0007000000000000000000000000000000000101
1207000000000000000000000000000000000010
2200000000000000000000000000000000000020
2203020405060001070007030006030704030020
2311111111111112030000101111111111111124

image image:caves
position 8 1 2 *
