1331313131320100000630313131313131313114
2202070402010300000702070700020101040320
2203000000000000000000000000000000000020
2203000000000000000000000000000000000620
3201000000000000000000000000000000000020
0101000000000000000000000000000000000120
0000000000000000000000000000000000000120
0506000000000000000000000000000000000620
1205000000000000000000000000000000000520
2203000000000000000000000000000000000520
2204040203020203050000000302050703020420
2311111111111112050000000710111111111124

image image:caves
position 9 2 2 *
