1331313131313201000000063031313131313114
2203030507020400000000020503040705070720
2206000000000000000000000000000000000120
3207000000000000000000000000000000000420
0005000000000000000000000000000000000630
0000000000000000000000000000000000000607
0000000000000000000000000000000000000000
0201000000000000000000000000000000000004
1200000000000000000000000000000000000410
2206000000000000000000000000000000000720
2206020401070005050300000400050205040520
2311111111111111120300000610111111111124

image image:caves
position 6 2 2 *
