1331313131313131313204023031313131313114
2206060307010001010000040206060107030320
2205343434343434343434343434343434340620
2206000000000000000000000000000000340130
3204000000000000000000000000000000340400
0405000000000000000000000000000000340000
0000000000000000000000000000000000340000
0000000000000000000000000000000000340501
0200000000000000000000000000000000340710
1207000000000000000000000000000000340720
2206020303010500000403070205000307040520
2311111111120400000310111111111111111124

image image:caves
position 5 2 2 *
