2121220500000000000001303131313131313114
2121220300000000000003070700000504020020
2121220200000000000000000000000033000220
2121220400000000000000000000000033000620
2121220400000000000000000000000033000630
2121220100000000000000000000000033000103
2121220300000000000000000000000000000000
2121220700000000000000000000000000000000
2113320500000000000000000000000033000206
2122050600000000000000000000000033000510
2122000000000000000001040706010400030220
2122010000000000000000101111111111111124

image image:caves
position 1 3 2 *
