1331313131313132040000000030313131313114
2205070402020604030000000405060503060220
2203000000000000000000000000003434340720
2207000000000000000000000000343400000120
3206000000000000000000003434340000000530
0400000000000000000034343400000000000504
0000000000000000343400000000000000000000
0000000000343434000000000000000000000602
0702003434340000000000000000000000000410
1201343400000000000000000000000000000220
2204070403030100000403050200070604070620
2311111111120300000310111111111111111124

image image:caves
position 2 3 2 *
