1331313131313207000006303131313131313114
2203040206070100000007050006070003000420
2207000000000000000000000000000000000020
2200000000000000000000000000000000000120
3201000000000000000000000000000000000030
0507000000000000000000000000000000000402
0000000000000000000000000000000000000000
0400000000000000000000000000000000000005
1202000000000000000000000000000000000710
2206000000000000000000000000000000000620
2206030501050000000204030500040704000620
2311111112070000000510111111111111111124

image image:caves
position 3 3 2 *
