1331313131313132040007303131313131313114
2207030700020303070002050204000107050020
2201340000000000000000000000000000000720
2201343400000000000000000000000000000420
3205003434000000000000000000000000000430
0206000034340000000000000000000000000500
0000000000340000000000000000000000000000
0201000000343400000000000000000000000000
1203000000003434000000000000000000000501
2206000000000034000000000000000000000610
2203070101000005050601050205070301060120
2311111206000005101111111111111111111124

image image:caves
position 4 3 2 *
