1331313131313131320400000007303131313114
2205000402040501030700000003000103010120
2202343434343434343434343434343434340120
3207000000000000000000000000000000340030
0106000000000000000000000000000000340000
0000000000000000000000000000000000340000
0000000000000000000000000000000000340000
0004000000000000000000000000000000340705
1205000000000000000000000000000000340110
2200000000000000000000000000000000340220
2204030203030000030405010405000301050320
2311111112040000051011111111111111111124

image image:caves
position 7 3 2 *
