1331313200000003303131313131313131313114
2201050300000007070304060300020304050720
2206000000000000000000000000000000340320
2205000000000000000000000000000000340420
3207000000000000000000000000000000340520
0301000000000000000000000000000000340020
0000000000000000000000000000000000340120
0503000000000000000000000000000000340420
1206000000000000000000000000000000340620
2202000000000000000000000000000000340720
2205060607070000020000070501040205030620
2311111111111112040000071011111111111124

image image:caves
position 9 4 2 *
