0000000000000000000000000000000000000043
0000000000000000000000000000000000000043
0000000000000000000000000000000000000043
0000000000000000000000000000000000000043
0000000000000000000000000000000000000043
0000000000000000000000000000000000000043
0000000000000000000000000000000000000043
0000000000000000000000000000000000000043
0000000000000000000000000000000000000043
4343430000000000000000000000000000000043
4343430000000000000000000000000000000043
4343430000000000000000000000000000000043

image image:meadow
position 7 2 1 *
