1331313132040000000230313131313131313114
2203040101030000000301010500050302000320
2204000000000000000000000000000000000420
3203003434343434343434343434343434000320
0606000000000000000000000000000034000730
0000000000000000000000000000000034000703
0000000000000000000000000000000034000000
0601000000000000000000000000000034000205
1206000000000000000000000000000034000310
2204000000000000000000000000000000000420
2202020605000002000305010603060100010520
2311111206000007101111111111111111111124

image image:caves
position 3 4 2 *
