1331313131320000000030313131313131313114
2205060502050200000204040606040407060420
2200000000000000000000000000000000000020
2205003434343434343434343434343434000730
3207003400000000000000000000000000000700
0606003400000000000000000000000000000000
0000003400000000000000000000000000000000
0000003400000000000000000000000000000002
0407003400000000000000000000000000000710
1200000000000000000000000000000000000320
2201020003010606050000000506030606060720
2311111111111111120700000710111111111124

image image:caves
position 2 4 2 *
