1331313131313202000007303131313131313114
2200030505020401000000040204040607070720
2204000000000000000000000000000033000730
2206000000000000000000000000000033000601
3202000000000000000000000000000033000000
0701000000000000000000000000000033000000
0606000000000000000000000000000033000603
1202000000000000000000000000000033000310
2203000000000000000000000000000033000620
2206000033333333333333333333333333000320
2204040106050604010000010106040700060320
2311111111111111120400071011111111111124

image image:caves
position 1 5 2 *
