1331313132010000000000073031313131313114
2204040601000000000000050505000607030220
2203000000000000000000000000000000000420
2200000000000000000000000000000000000520
3200000000000000000000000000000000000430
0000000000000000000000000000000000000202
0000000000000000000000000000000000000000
0603000000000000000000000000000000000405
1201000000000000000000000000000000000210
2207000000000000000000000000000000000520
2203000201050501060707060204070002020020
2311111111111111111202031011111111111124

image image:caves
position 5 6 2 *
