4343434343434343434343434343434343434343
0000000000000000000000000000000000000043
0000000000000000000000000000000000000043
0000000000000000000000000000000000000043
0000000000000000000000000000000000000043
0000000000000000000000000000000000000043
0000000000000000000000000000000000000043
0000000000000000000000000000000000000043
0000000000000000000000000000000000000043
0000000000000000000000000000000000000043
0000000000000000000000000000000000000043
4300000000000000000000000000000000000043

image image:meadow
position 7 0 1 *
