1331313131313131313132060130313131313114
2203050501050107010500060702000202020720
2205000000000000000000000000000000340520
3200000000000000000000000000000000340220
0100000000000000000000000000000000340120
0000000000000000000000000000000000340520
0404000000000000000000000000000000340320
1204000000000000000000000000000000340320
2203000000000000000000000000000000340520
2201343434343434343434343434343434340220
2203020107050102000001040703020303070320
2311111111111207000005101111111111111124

image image:caves
position 9 7 2 *
