1331313131313132000000053031313131313114
2202010302060005070000010200040403020320
2201340000000000000000000000000000000720
3202340000000000000000000000000000000130
0501340000000000000000000000000000000007
0000340000000000000000000000000000000000
0000340000000000000000000000000000000001
0000340000000000000000000000000000000010
0700340000000000000000000000000000000320
1200343434343434343434343434343434340020
2206000207060406050501000203040004060520
2311111111111111111202000510111111111124

image image:caves
position 8 7 2 *
