1331313132060000063031313131313131313114
2202060602040000070702050100070603040520
2207000000000000000000000000000000000320
2201000000000000000000000000000000000620
2200000000000000000000000000000000000030
3204000000000000000000000000000000000101
0106000000000000000000000000000000000000
0000000000000000000000000000000000000000
0202000000000000000000000000000000000304
1206343434343434343434343434343434340010
2205070702010305010000000703050600050420
2311111111111112070000000510111111111124

image image:caves
position 6 7 2 *
