1331313131313131313202043031313131313114
2207070103050400010003010604020506050620
2202000000000000000000000000000000000420
2201000000000000000000000000000000000020
3205000000000000000000000000000000000720
0006000000000000000000000000000000000530
0000000000000000000000000000000000000305
0707000000000000000000000000000000000000
1206000000000000000000000000000000000600
2200343434343434343434343434343434340310
2205010002040206070000030505060603060320
2311111111111112000005101111111111111124

image image:caves
position 5 7 2 *
