3525253525253125353290919191919191919191
2531312535312535313290919191919191919191
2531253531353535353290919191919191919191
4141414141414141414290919191919191919191
0203050404030506050490919191919191919191
0406030004000001000590919191919191919191
0200030306060204030090919191919191919191
0403030600030305060390919191919191919191
2121212122050003050490919191919191919191
3131252532040301000690919191919191919191
3531253532010106060090919191919191919191
3525353532060000000590919191919191919191

image image:meadow
position 7 5 1 *
