1331313131320200023031313131313131313114
2206010205040000030006060701050603070620
2200000000000000000000000000000000000720
2207000000000000000000000000000000000120
3207000000000000000000000000000000000630
0003000000000000000000000000000000000102
0606000000000000000000000000000000000000
1200000000000000000000000000000000000206
2206000000000000000000000000000000000510
2206343434343434343434343434343434340420
2201010401000700000000000003060603050020
2311111111120100000000000005101111111124

image image:caves
position 1 7 2 *
