1331313131313132020000000130313131313114
2205010603060502000000000401030106050120
2204000000000000000000000000000000000320
3201000000000000000000000000000000000320
0201000000000000000000000000000000000330
0000000000000000000000000000000000000704
0000000000000000000000000000000000000000
0205000000000000000000000000000000000007
1206000000000000000000000000000000000610
2202000000000000000000000000000000000720
2205000702060000060201010002050501040720
2311111112010000051011111111111111111124

image image:caves
position 6 8 2 *
