1331313131313131320200000000303131313114
2206070505060102000700000005040106000620
2203000000000000000000000000000000000420
2200000000000000000000000000000000000230
2201000000000000000000000000000000000707
3202000000000000000000000000000000000000
0605000000000000000000000000000000000000
0000000000000000000000000000000000000502
0403000000000000000000000000000000000610
1204000000000000000000000000000000000720
2204040301000607060102040506000006050320
2311111111111111111111111111111111111124

image image:caves
position 5 9 2 *
