1331313131313131313204000000043031313114
2206070003030400050202000000050305070220
2204000000000000000000000000000000000620
3206000000000000000034000000000000000220
0206000000000000000000340000000000000320
0000000000000000000034000000000000000630
0202000000000000000000340000000000000407
1204000000000000000034000000000000000000
2204000000000000000000340000000000000402
2202000000000000000034000000000000000610
2205000101050404050301000704010301060020
2311111111111111111111111111111111111124

image image:caves
position 4 9 2 *
