1331313131313131313132060007303131313114
2204070200050601050701010003050107030220
2201000000000000000000000000000000000520
3204000000000000000000000000000000000020
0401000000000000000000000000000000000430
0000000000000000000000000000000000000401
0000000000000000000000000000000000000000
0706000000000000000000000000000000000000
1200000000000000000000000000000000000602
2200000000000000000000000000000000000210
2204040203000306060204060107020402040120
2311111111111111111111111111111111111124

image image:caves
position 2 9 2 *
