3131313131313131313131313131313131313114
0000000000000000000000000000000000000020
0000000000000000000000000000000000000020
0000000034000000000000000000000000000020
0000000000000000000000000000000000000020
0000000000000000000000000000000000000020
0000000000000000000034000000000000000020
0000000000000000000000000000000000000020
0000000000000000000000000000000000000020
0000000000000000000000000000000000000020
0010111112000000000000000000000000000020
1124212123111111111111111111111111111124

image image:meadow
position 1 0 3 *
