0000000000000000000000000000000000000000
0000000000000000000000000000000000000000
0000000000000000000000000000000000000000
0000000000000043434300000000000000000000
0000000000004343000000000000000000000000
0000000000004300000000000000000000000000
0000000000004300000000000000000000000000
0000000000000000000000000000000000000000
0000000000000000000000000000000000000000
0000000000000000000000000000000000000000
0000000000000000000000000000000000000000
4343434343434343434343434343434343434343

image image:meadow
position 1 7 1 *
