3135353131313201010604303535313131352535
3535313535313322030620343135252535313131
3135253525313132050530253131253125352531
2525253131313132060640414141414141243535
2525253535353532030305060300020305303531
3125353125313532060206030100010301302535
2535353125352532030220212121220305302531
3535252531313132030230312525320402404141
3135253535253132040230312531320305010200
3531353525313132000530253531320001000400
3125312531353532040230253531332121212121
3535313531253532010230253535352525352535

image image:meadow
position 0 -1 10 *
