4300000000000000000000000000000000000000
4300000000000000000000000000000000000000
4300000000000000000000000000000000000000
4300000000000000000000000000000000000000
4300000000000043000000000000000000000000
4300000000000043000043000000000000000000
4300000000000043000043000000000000000000
4300000000000043000043430000000000000000
4300000000000000430000430000000000000000
4300000000000000000000000000000000000000
4300000000000000000000000000000000000000
4300000000000000000000000000000000000000

image image:meadow
position 0 5 1 *
