2626262700000000000030313131313131313114
2626262700000000000000000000000000000020
2626262700000000000000000000000000000020
2626262700000000000000000000000000000030
2626262816161700000000000000000000000000
2626262626262700000000000000000000000000
2626262626262700000000000000000000000000
2626262626183700000000000000000000000000
2626262618370000000000000000000000000000
2626261837000000000000000000000000000010
2626262700000000000000000000000000000020
2626262700000000000010111111111111111124

image image:meadow
position -1 0 1 *
