4300000000000000000000000000000000000000
4300000000000000000000000000000000000000
4300000000000000000000000000000000000000
4300000000000000000000000000000000000000
4300000000000000000000000000000000000000
4300000000000043004300000000000000000000
4300000000000000000000000000000000000000
4300000000000000000000000000000000000000
4300000000000000000000000000000000000000
4300000000000000000000000000000000000000
4300000000000000000000000000000000000000
4300000000000000000000000000000000000000

image image:meadow
position 0 3 1 *
