0101020203060004040301050005010505010203
0601000406060404000003050200050602060302
0405030100010002040204000501000500050000
0100050502040400000204040106000606060602
0000030303000004010406010506010004040202
0101000405020104000402060006010300010301
0305000401050401050002010406000401040603
0103000006010004000205000305060501000005
0606010202050403000503010600020504050203
0205040303040606010206020001060006060306
0300030204020206030106000402060202030603
0102040105050406010103050400020403040304

image image:desert
position -2 5 1 *
