4141414141414141414141414141414141414124
0205030601040603020102020000010104050230
0000000000000000000000000005030103010430
0000000000000000000000000003434544030030
0000000000000000000000000000000545000630
0000000000000000000000000000000044060030
0000000000000000000000000000000004040330
0000000000000000000000000000000000000530
0000000000000000000000000000000000000130
0000000000000000000000000000000000000230
0000000000000000000000000000000000000330
0000000000000000000000000000000000000230

image image:meadow
position 3 -3 10 *
