0000000000000000000000000000000000000000
0000000000000000000000000000000000000000
0000000000000000000000000000000000000000
0000000000000000000000000000000000000000
0000000000000000000000430000000000000000
0000000000004300000000004300000000000000
0000000000004300000000004300000000000000
0000000000004343000000434300000000000000
0000000000000043434343430000000000000000
0000000000000000000000000000000000000000
0000000000000000000000000000000000000000
0000000000000000000000000000000000000000

image image:meadow
position 2 3 1 *
