0000000000000000000000000000000000000000
0000000000000000000000000000000000000000
0000000000000000000000000000000000000000
0000000000000000004300000000000000000000
0000000000000000004300000000000000000000
0000000000000000000043430000000000000000
0000000000000000000000430000000000000000
0000000000000000434343430000000000000000
0000000000000000000000000000000000000000
0000000000000000000000000000000000000000
0000000000000000000000000000000000000000
0000000000000000000000000000000000000000

image image:meadow
position 4 5 1 *
