0000000000000000000000000000000000000000
0000000000000000000000000000000000000000
0000000000000000000000000000000000000000
0000000000000000000000000000000000000000
0000000000000000434343434300000000000000
0000000000000043430000000000000000000000
0000000000000043000000000000000000000000
0000000000000000000000000000000000000000
0000000000000000000000000000000000000000
0000000000000000000000000000000000000000
4300000000000000000000000000000000000000
4343000000000000000000000000000000000000

image image:meadow
position 4 6 1 *
