0000000000000000000000000000000000000000
0000000000000000000000000000000000000000
0000000000000000004300000000000000000000
0000000000000000004300000000000000000000
0000000000000000430000000000000000000000
0000000000000000430000000000000000000000
0000000000000000000000000000000000000000
0000000000000000000000000000000000000000
0000000000000000000000000000000000000000
0000000000000000000000000000000000000000
4343000000000000000000000000000000000043
4343000000000000000000000000000000004343

image image:meadow
position 3 6 1 *
