9191920303050205060540243531234141414124
9191920600060505050104404141420405050530
9183a20005040300020603060002040303040430
9192040501030600010300020603060604052034
9193820301000001010103020402030406203431
9191920406030505060103040202040203303535
9191920300010502040601020203050120343531
9191938200020205010502050004030330312531
9191919203040302000004000205032034353135
9191919203000104010001030220213435253135
9191919205060003030403002034312535313531
9191919201040003040120213425313535313131

image image:meadow
position -1 -1 1 *
