3125353202000002303531313525353125313525
2525253203000001303525252525353525353125
3531234205000000302535313125312535253135
2535320406000002402425353131253535312531
2523420400000001034024313125352531253135
3132020100000000040140414124252535313125
3532060000000000000102040040414141414141
2342010000000000000000000305010304020604
3201040000000000000000000000000000000000
3206000000000000000000000000000000000000
3203000000000000000000000000000000000000
3203000000000000000000000000000000000000

image image:meadow
position -2 2 10 *
