0000000000000000000000000000000000004343
0000000000000000000000000000000000000043
0000000000000000000000000000000000000000
0000000000000000000000000000000000000000
0000000000004343000043430000000000000000
0000000000004343434343430000000000000000
0000000000004300000000000000000000000000
0000000000000000000000000000000000000000
0000000000000000000000000000000000000000
0000000000000000000000000000000000000000
0000000000000000000000000000000000000000
0000000000000000000000000000000000000000

image image:meadow
position 6 4 1 *
