3525252535320000010300060004303135313131
3125352535320004020100000000303131313125
4141414141420402050003010601404141414141
0605020100030302060303030600000005040001
0402020106030603010002040501050402050603
0306000200000100040502000005000101020506
0305000400040305000000060004060506050304
0205020300040205020003030401010200050302
0005050600020106000206020302020506060602
0605030303000306000300000205000305020405
8181818181818181818181818181818181818181
9191919191919191919191919191919191919191

image image:meadow
position 6 7 1 *
