0000000000000000000000000000000000000000
0000000000000000000000000000000000000000
0000000000000000000000000000000000000000
0000000000000000000000000000000000000000
0000000000000000004300000000000000000000
0000000000000000004300000000000000000000
0000000000000043434300000000000000000000
0000000000000000000000000000000000000000
0000000000000000000000000000000000000000
0000000000000000000000000000000000434343
0000000000000000000000000000000000434343
0000000000000000000000000000000000434343

image image:meadow
position 6 2 1 *
