4343434343434343434343434343434343434343
0000000000000000000000000000000000000043
0000000000000000000000000000000000000043
0000000000434300000000430000000000000043
0000000043004300000043004300000000000043
0000000000434300000043004300000000000043
0000000000004300000043004300000000000043
0000000000004300430000430000000000000043
0000000000000000430000000000000000000043
0000000000000000000000000000000000000043
0000000000000000000000000000000000000043
0000000000000000000000000000000000000043

image image:meadow
position 9 0 1 *
