2525353525353135253200034024313135353135
3125252525252523414203040140412425253131
4141414141414142020200000206034041414141
0106020404040301020000000000010202060001
0000000000000000000000000000000000000000
0000000000000000000000000000000000000000
0000000000000000030606020205010102010000
0000000000000002018081818181818182050000
0001000500030002809491919191919192050000
81818181818181819491919191919183a2010000
9191919191919191919191919191919201020000
9191919191919191919191919191919204000000

image image:meadow
position 1 2 10 *
