2626262700000000000020212121212121212121
2626262700000000000030142121212121212121
2626262700000000000000303131142121212121
2626183700000000000000000000303131313131
2626270000000000000000000000000000000000
2626270000000000000000000000000000000000
2626270000000000000000000000000000000000
2618370000000000000000000000000000000000
1837000000000000000000000000000000000000
3700000000000000000000000000000000000000
0000000000000000000000000000000000000000
0000000000000000000000000000000000000000

image image:meadow
position -1 1 1 *
