0000000000000000000000000000000000000043
0000000000000000000000000000000000000043
0000000000004343000043004300000000000043
0000000000430043000043004300000000000043
0000000000004343000043434300000000000043
0000000000000043000000004300000000000043
0000000000000043004300004300000000000043
0000000000000000004300000000000000000043
0000000000000000000000000000000000000043
0000000000000000000000000000000000000043
0000000000000000000000000000000000000043
0000000000000000000000000000000000000043

image image:meadow
position 9 4 1 *
