0000000000000000000000000000000000000043
0000000000000000000000000000000000000043
0000000000004343000000434343000000000043
0000000000430043000000000043000000000043
0000000000004343000000000043000000000043
0000000000000043000000000043000000000043
0000000000000043004300000043000000000043
0000000000000000004300000000000000000043
0000000000000000000000000000000000000043
0000000000000000000000000000000000000043
0000000000000000000000000000000000000043
0000000000000000000000000000000000000043

image image:meadow
position 9 7 1 *
