0000000000000000000000000000000000000000
0000000000000000000000000000000000000000
0000000000004300000000434300000000000000
0000000000430043000000004300000000000000
0000000000004300000000004300000000000000
0000000000430043000000004300000000000000
0000000000004300004300434343000000000000
0000000000000000004300000000000000000000
0000000000000000000000000000000000000000
0000000000000000000000000000000000000000
0000000000000000000000000000000000000000
0000000000000000000000000000000000000000

image image:meadow
position 8 1 1 *
