0000000000000000000000000000000000000000
0000000000000000000000000000000000000000
0000000000000000000000000000000000000000
0000000000000043000000004300430000000000
0000000000004300430000004300430000000000
0000000000000043000000004343430000000000
0000000000004300430000000000430000000000
0000000000000043000043000000430000000000
0000000000000000000043000000000000000000
0000000000000000000000000000000000000000
0000000000000000000000000000000000000000
0000000000000000000000000000000000000000

image image:meadow
position 8 4 1 *
