0000000000000000000000000000000000000000
0000000000000000000000000000000000000000
0000000000000000000000000000000000000000
0000000000004300000000004300000000000000
0000000000430043000000430000000000000000
0000000000004300000000434300000000000000
0000000000430043000000430043000000000000
0000000000004300004300004300000000000000
0000000000000000004300000000000000000000
0000000000000000000000000000000000000000
0000000000000000000000000000000000000000
0000000000000000000000000000000000000000

image image:meadow
position 8 6 1 *
