0000000000000000000000000000000000000000
0000000000000000000000000000000000000000
0000000000000000000000000000000000000000
0000000000004400000000004400000000000000
0000000000440044000000440044000000000000
0000000000004400000000004444000000000000
0000000000440044000000000044000000000000
0000000000004400004400000044000000000000
0000000000000000004400000000000000000000
0000000000000000000000000000000000000000
0000000000000000000000000000000000000000
4444444444444444444444444444444444444444

image image:meadow
position 8 9 1 *
