0000000000000000000000000000000000000000
0000000000000000000000000000000000000000
0000000000000000000000000000000000000000
0000000000004444000000000044000000000000
0000000000000044000000004400440000000000
0000000000000044000000000044000000000000
0000000000000044000000004400440000000000
0000000000004444440044000044000000000000
0000000000000000000044000000000000000000
0000000000000000000000000000000000000000
0000000000000000000000000000000000000000
0000000000000000000000000000000000000000

image image:meadow
position 1 8 1 *
