0000000000000000000000000000000000000000
0000000000000000000000000000000000000000
0000000000000000000000000000000000000000
0000000000444400000000004400000000000000
0000000000000044000000440044000000000000
0000000000004400000000004400000000000000
0000000000000044000000440044000000000000
0000000000444400004400004400000000000000
0000000000000000004400000000000000000000
0000000000000000000000000000000000000000
0000000000000000000000000000000000000000
0000000000000000000000000000000000000000

image image:meadow
position 3 8 1 *
