2121212121212122000000002021212121212121
2121212113313132000000003014212121212121
2121211332000000000000000030311421212121
3131313200000000000000000000003031313131
0000000000000000000000000000000000000000
0000000000000000000000000000000000000000
0000000000000000000000000000000000000000
0000000000000000000000000000000000000000
0000000000000000000000000000000000000000
0000000000000000000000000000000000000000
0000000000000000000000000000000000000000
0000000000000000000000000000000000000000

image image:meadow
position 0 1 1 *
