0000000000000000000000000000000000000000
0000000000000000000000000000000000000000
0000000000000000000000000000000000000000
0000000044444400000000440000000000000000
0000000044000000000044004400000000000000
0000000044440000000000440000000000000000
0000000000004400000044004400000000000000
0000000044440000440000440000000000000000
0000000000000000440000000000000000000000
0000000000000000000000000000000000000000
0000000000000000000000000000000000000000
0000000000000000000000000000000000000000

image image:meadow
position 5 8 1 *
