0000000000000000000000000000000000000000
0000000000000000000000000000000000000000
0000000000000000000000000000000000000000
0000000000004444000000004400000000000000
0000000000440000000000440044000000000000
0000000000444400000000004400000000000000
0000000000440044000000440044000000000000
0000000000004400004400004400000000000000
0000000000000000004400000000000000000000
0000000000000000000000000000000000000000
0000000000000000000000000000000000000000
0000000000000000000000000000000000000000

image image:meadow
position 6 8 1 *
