0000000000000000000000000000000000000000
0000000000000000000000000000000000000000
0000004444000000000044440000000000000000
0000000044000000004400440000000000000000
0000000044000000000044440000000000000000
0000000044000000000000440000000000000000
0000004444440044000000440000000000000000
0000000000000044000000000000000000000000
0000000000000000000000000000000000000000
0000000000000000000000000000000000000000
0000000000000000000000000000000000000000
4444444444444444444444444444444444444444

image image:meadow
position 1 9 1 *
