0000000000000000000000000000000000000000
0000000000000000000000000000000000000000
0000000000444400000000444400000000000000
0000000044000000000044004400000000000000
0000000044440000000000444400000000000000
0000000044004400000000004400000000000000
0000000000440000440000004400000000000000
0000000000000000440000000000000000000000
0000000000000000000000000000000000000000
0000000000000000000000000000000000000000
0000000000000000000000000000000000000000
4444444444444444444444444444444444444444

image image:meadow
position 6 9 1 *
